#
# Graph: ./datasets/facebook/facebook_random.edgelist -> facebook_random facebook_random. A=0.001, K=1000-1.5-100M, Cvr=10, SzFrc=0.001 G(4035, 96230) (Mon Sep 15 14:45:40 2025)
#
# k (number of nodes in the cluster)	ORIGINAL MIN (4035, 96230)
1	1
2	0.777778
3	0.7
4	0.625
5	0.545455
6	0.490909
7	0.43662
8	0.372093
9	0.409836
10	0.395349
11	0.428571
12	0.417722
13	0.375
14	0.333333
15	0.343511
16	0.306667
17	0.27673
18	0.26284
19	0.251462
20	0.260745
21	0.269663
22	0.255499
23	0.227496
24	0.205742
25	0.192547
26	0.196923
27	0.198777
28	0.201821
29	0.212481
30	0.21944
31	0.221083
32	0.224964
33	0.225131
34	0.208511
35	0.198326
36	0.185185
37	0.177904
38	0.171315
39	0.17498
40	0.177305
41	0.187888
42	0.190108
43	0.191686
44	0.205109
45	0.208364
46	0.211581
47	0.21476
48	0.223988
49	0.228121
50	0.231646
51	0.236749
52	0.239635
53	0.248963
54	0.258856
55	0.267296
56	0.272097
57	0.260751
58	0.25143
59	0.24193
60	0.234431
61	0.221902
62	0.223203
63	0.213797
64	0.201588
65	0.192993
66	0.184721
67	0.177548
68	0.168657
69	0.172654
70	0.168868
71	0.164085
72	0.162379
73	0.159898
74	0.159322
75	0.163749
76	0.163156
77	0.169128
78	0.169496
79	0.178639
80	0.179432
81	0.181745
82	0.1953
83	0.195935
84	0.203069
85	0.203779
86	0.206242
87	0.213056
88	0.213916
89	0.214585
90	0.22069
91	0.221348
92	0.222004
93	0.222249
94	0.222155
95	0.218335
96	0.215122
97	0.211091
98	0.210808
99	0.208026
100	0.204345
101	0.202454
102	0.205423
103	0.199767
104	0.194565
105	0.194918
106	0.19116
107	0.188571
108	0.18569
109	0.183178
110	0.179502
111	0.176111
112	0.173385
113	0.172301
114	0.171701
116	0.171723
117	0.171074
118	0.171007
119	0.170497
120	0.170667
122	0.168872
123	0.169442
124	0.171308
125	0.17086
126	0.170235
128	0.17641
129	0.176349
130	0.17635
131	0.175838
133	0.176291
134	0.177215
135	0.17656
137	0.176353
138	0.176412
140	0.176119
141	0.178798
142	0.178537
144	0.178441
145	0.176591
147	0.172546
148	0.168863
150	0.164616
151	0.163664
153	0.159001
154	0.15437
155	0.151411
158	0.148785
159	0.145729
161	0.142751
162	0.141102
164	0.137269
166	0.131915
167	0.130435
169	0.124621
171	0.12199
172	0.1213
174	0.11993
176	0.121194
178	0.118362
179	0.117678
181	0.115613
183	0.112498
185	0.11045
187	0.109739
189	0.108996
190	0.108961
191	0.108553
193	0.108506
196	0.102997
198	0.095411
200	0.089023
202	0.0840218
204	0.0794936
206	0.0751634
208	0.0722986
210	0.0701169
213	0.0662485
215	0.0651371
217	0.0616787
219	0.0590719
221	0.0582456
223	0.0574713
226	0.0561504
228	0.0552813
230	0.054575
232	0.0543037
235	0.0539228
237	0.0527814
238	0.0526615
242	0.0529995
243	0.0530503
245	0.053125
249	0.0577975
251	0.0577814
253	0.0582351
255	0.0578418
259	0.0579372
262	0.0576418
263	0.0579808
266	0.0583129
268	0.0587109
271	0.0640429
274	0.0642348
276	0.0644851
279	0.0648822
282	0.0653816
285	0.0656786
288	0.0661622
290	0.0665826
293	0.06709
296	0.0676001
299	0.0694721
302	0.0700637
305	0.0706576
308	0.0710347
314	0.0730374
317	0.0724299
320	0.0715843
323	0.0713114
326	0.0711267
330	0.0703116
332	0.070191
335	0.0700622
340	0.0708546
343	0.0707522
345	0.0706169
350	0.0703616
352	0.0702538
357	0.0704127
358	0.0704463
361	0.0706119
365	0.0716994
370	0.0717916
374	0.0786397
376	0.0786981
380	0.0790046
386	0.0793562
387	0.079373
391	0.0805192
396	0.0807347
400	0.0809029
404	0.0811439
407	0.081341
411	0.08172
415	0.0823918
420	0.0824487
426	0.0828344
429	0.0828717
435	0.0828109
437	0.0831829
442	0.0835153
448	0.0851329
450	0.0853625
454	0.0862908
459	0.0868919
463	0.0874221
468	0.0881609
473	0.0885668
477	0.089223
482	0.0899604
487	0.116862
492	0.117518
497	0.118709
502	0.119799
507	0.121021
512	0.12237
517	0.123684
522	0.124665
527	0.125206
533	0.127099
538	0.128956
543	0.130456
549	0.133393
554	0.135918
560	0.137379
565	0.140262
571	0.141997
577	0.142733
582	0.143548
588	0.145526
594	0.14671
600	0.147434
606	0.147963
616	0.149168
618	0.149581
624	0.150276
631	0.151963
639	0.1524
646	0.152846
650	0.153474
656	0.154131
665	0.155441
671	0.15569
676	0.156848
683	0.157976
695	0.158444
697	0.159324
708	0.159766
712	0.161238
718	0.16325
725	0.164596
732	0.173575
739	0.174831
748	0.176065
759	0.176304
764	0.176196
773	0.175965
781	0.175613
785	0.176616
799	0.176667
801	0.176979
809	0.18013
817	0.181071
829	0.180709
833	0.180925
841	0.183274
854	0.184139
858	0.184584
867	0.185804
878	0.187322
887	0.189035
893	0.189537
903	0.191075
912	0.194555
920	0.195585
929	0.197609
939	0.199134
950	0.201599
958	0.203442
967	0.204949
985	0.203914
995	0.20321
1005	0.201216
1014	0.2003
1025	0.198292
1036	0.196056
1046	0.195413
1056	0.193819
1058	0.193777
1074	0.193745
1089	0.192679
1096	0.192383
1111	0.191413
1119	0.1892
1132	0.188598
1144	0.18758
1145	0.18752
1159	0.188169
1179	0.187734
1181	0.187413
1197	0.188568
1214	0.188558
1217	0.188737
1236	0.188024
1252	0.186871
1264	0.186085
1277	0.184918
1289	0.184459
1293	0.184192
1313	0.183977
1329	0.182643
1342	0.181673
1355	0.179657
1364	0.178653
1377	0.178671
1396	0.177337
1410	0.176334
1424	0.175589
1434	0.175222
1444	0.174701
1466	0.174646
1469	0.174709
1484	0.174648
1512	0.176865
1521	0.17396
1540	0.17393
1544	0.175176
1559	0.175369
1575	0.179747
1603	0.181593
1621	0.180734
1636	0.179884
1654	0.178852
1655	0.178805
1685	0.179799
1693	0.180111
1705	0.180277
1722	0.182385
1746	0.183031
1759	0.18274
1776	0.184163
1795	0.18475
1827	0.184263
1845	0.183694
1863	0.183579
1869	0.183276
1886	0.183497
1917	0.182639
1926	0.183464
1951	0.182764
1960	0.183777
1980	0.184797
2012	0.184773
2038	0.183862
2059	0.182582
2079	0.179804
2100	0.174946
2121	0.170159
2142	0.163455
2164	0.158699
2185	0.150734
2206	0.144843
2229	0.142452
2242	0.140977
2274	0.139
2297	0.135068
2320	0.133549
2343	0.128436
2364	0.121509
2371	0.121587
2406	0.121292
2434	0.120445
2460	0.120214
2468	0.120572
2508	0.120238
2532	0.12015
2561	0.118435
2586	0.114224
2614	0.110769
2640	0.10738
2647	0.105447
2672	0.105658
2720	0.102552
2744	0.0979927
2775	0.0958519
2791	0.093642
2817	0.0957743
2835	0.0964673
2888	0.0950013
2917	0.0907901
2946	0.0872616
2963	0.0862329
3004	0.0868401
3035	0.0820199
3056	0.0781275
3077	0.078793
3126	0.0812677
