62 16
2 -0.21595 -0.162256 0.208977 0.425469 -0.138241 -0.263997 0.628353 0.435966 -0.238774 -0.169777 -0.121536 -0.0964617 -0.658479 -0.298368 -2.12461 5.16844
10 0.296356 0.241314 0.296136 0.0636946 -0.00263548 -0.44828 0.0293366 -0.0954816 -0.43319 -0.354222 -0.918398 -0.0289892 -0.513235 -0.135442 -0.585659 4.01335
42 0.124693 0.37061 0.350757 -0.313344 -0.203092 0.23907 0.536053 0.440773 -0.193974 -0.343459 -0.245811 -0.0309538 -0.85715 -0.173246 -1.19318 4.07989
26 0.387068 -0.0438194 0.302847 0.372176 0.184136 0.0523725 -0.331191 0.32224 -0.132882 -0.108747 -0.473172 0.274506 -0.592922 0.352118 -1.95744 5.47782
25 0.541623 0.0124887 0.481849 0.293915 0.238982 0.128508 -0.309255 0.67029 -0.350523 -0.199124 -0.408985 -0.147518 -0.844453 0.823517 -1.6564 5.70807
11 0.118401 -0.171698 0.207872 -0.304533 0.150467 0.213437 0.42322 0.260234 -0.0810989 0.364332 -0.671038 0.18699 -0.896582 0.302846 -1.7934 4.72402
51 0.196889 -0.115701 -0.393868 -0.215625 -0.461578 -0.447295 -0.0719884 0.0603694 -0.390945 0.0226527 -0.167712 -0.107298 -1.00384 0.130989 -2.22701 5.18233
22 0.163452 -0.557322 0.451358 0.0421009 0.446098 -0.151213 0.184809 0.414094 0.178975 -0.385155 -0.0207448 -0.14738 -0.657977 -0.0655887 -1.57853 4.38349
17 0.139643 0.0365075 -0.0059971 0.254603 0.504672 -0.334481 -0.133902 0.25951 -0.074334 0.12749 -0.30169 0.314367 -0.807679 0.155575 -1.62571 4.96708
27 0.363065 -0.247668 0.216501 0.249022 0.46878 0.175987 -0.271718 0.272314 -0.186059 -0.0320288 -0.315425 0.0645826 -0.780953 0.107003 -1.80467 4.95117
23 0.366492 0.0665527 0.202009 -0.659719 -0.0859871 -0.30938 -0.0292679 -0.266594 -0.0912655 0.244338 -0.647391 0.00931647 -0.584941 0.325124 -1.69034 4.86196
45 0.130533 -0.616891 -0.0418498 -0.00838095 -0.308504 0.121351 0.0470288 -0.355626 0.0146345 0.0972685 -0.13854 0.322329 -0.4419 0.107461 -1.43955 4.24983
40 -0.157838 -0.305684 -0.0254753 -0.505808 -0.151397 -0.255386 -0.506801 0.407692 -0.293373 -0.151872 0.547302 -0.0726326 -0.372344 -0.0361567 -1.47525 4.13685
14 -0.246304 -0.307159 -0.291151 0.0417546 -0.0741582 0.182656 -0.431835 0.00238393 -0.120828 -0.497707 -0.19447 -0.0434879 -0.75577 -0.138094 -1.15684 3.73878
43 -0.117026 -0.382634 0.00207789 0.257996 0.618919 -0.322256 0.177918 -0.140534 -0.274292 -0.188321 -0.271617 -0.117822 -0.418144 0.384053 -1.34732 4.59877
8 0.48835 -0.359954 0.204004 -0.0687507 -0.193932 0.162056 0.260342 -0.378653 0.517619 -0.339951 -0.179703 -0.228851 0.00130655 -0.081261 -1.50061 4.49052
28 0.349812 -0.194132 0.26276 0.731209 -0.145457 0.0774505 0.0192306 -0.0104794 -0.218493 0.506506 -0.148972 0.217069 -0.0995584 -0.290912 -1.32539 4.33957
1 0.423072 0.439364 0.585475 -0.227396 -0.222577 0.0720944 -0.136756 0.457023 0.197003 -0.0669951 0.1887 0.127146 -0.313914 0.646154 -1.57007 4.94934
7 0.302725 -0.314995 0.275213 -0.093027 0.357553 0.564409 -0.108463 -0.206911 -0.301787 0.55831 0.278524 0.0702145 -0.881176 -0.128514 -1.30293 4.57791
56 -0.204471 -0.849472 0.365414 0.276158 0.392563 -0.457555 0.0390402 0.44551 0.403664 0.479967 -0.624217 0.133176 -0.22438 -0.105152 -0.711557 4.10563
6 -0.093223 -0.360627 0.483795 0.0991654 0.2311 -0.304108 0.114515 0.10333 0.235817 0.0109018 -0.198247 0.259724 -0.652563 -0.0659788 -1.44741 4.70793
54 0.243181 0.135779 -0.213138 -0.177576 0.335618 -0.0121501 -0.0867143 0.438568 0.336721 0.789542 -0.364029 0.264519 -0.498663 0.43775 -0.796038 4.65088
37 -0.265435 0.153412 0.699697 -0.364884 0.0865224 0.114143 -0.00281543 0.150381 0.0223897 0.702104 -0.721151 -0.0937081 -0.0346614 0.573472 -1.1637 4.72099
16 -0.166004 -0.223743 -0.204146 0.125658 -0.161174 0.539569 0.0733517 0.109457 0.267444 -0.16997 -0.00834607 -0.0293762 -0.282678 0.227726 -1.93232 4.25778
24 0.220401 -0.453278 0.159792 -0.10444 -0.0166459 0.281206 0.372644 -0.12057 0.0988825 -0.316004 -0.0952658 0.508183 -0.450593 0.906178 -0.729084 4.27649
29 -0.00694449 -0.283549 0.111082 -0.0963858 0.0603733 -0.591438 0.0403109 0.421123 -0.169126 -0.162387 -0.597462 0.582059 -0.264282 0.509225 -1.39748 5.07054
18 0.134437 -0.471235 -0.265999 0.0626184 -0.198228 -0.288404 0.484638 0.458992 0.0063126 -0.303336 -0.0726941 0.806229 0.0210056 0.478531 -1.70015 4.55994
9 0.237903 -0.0912935 0.187343 0.148258 -0.169656 -0.309883 -0.184222 0.0242221 0.261539 0.174977 0.036593 -0.0964446 -0.971632 0.544123 -0.967918 4.47353
13 0.227828 0.211707 0.300292 -0.178937 0.264484 -0.623017 -0.0616622 -0.0597589 0.263819 -0.279202 -0.196224 -0.100039 -0.877328 0.234518 -1.17239 4.74077
35 0.305832 -0.232917 -0.292765 0.350927 0.315369 -0.405405 0.0747379 -0.160305 -0.30554 -0.00497386 -0.758649 0.250124 -0.705152 0.41669 -1.25149 4.52373
46 -0.400371 -0.0224684 0.451576 0.096965 0.0134291 -0.347807 -0.364419 0.411263 -0.271684 -0.0481349 -0.425731 0.272998 -0.434569 0.384434 -1.69966 4.8456
47 0.268563 -0.321917 0.370528 0.0184709 0.292983 -0.286498 0.440359 0.292651 -0.0602669 -0.365636 0.299591 0.0741374 0.244106 -0.686252 -0.942992 4.65109
30 0.411466 -0.099075 0.175613 0.118054 -0.2187 0.273436 -0.0312622 0.134858 0.16642 -0.134385 -0.197197 0.160091 -0.268327 -0.47934 -1.40159 4.56232
48 -0.174952 0.103754 0.0910209 -0.349643 0.58459 -0.223502 0.557932 -0.0295563 0.302569 -0.102143 0.188911 0.35365 -0.618257 -0.232759 -1.97926 4.15177
57 0.135334 -0.23618 0.232842 -0.157091 -0.0390119 -0.207105 0.152793 0.266595 0.413083 0.231694 0.366054 0.0320962 -0.775063 0.461502 -1.62793 4.9201
20 0.017853 0.436717 -0.302826 0.0600677 -0.539013 0.117547 -0.0063641 -0.261964 0.086789 0.198699 -0.572745 -0.199829 -0.29812 0.0874208 -1.07335 3.89626
5 -0.115388 -0.10842 0.361145 0.215679 0.0540885 -0.0676605 0.177623 -0.107795 0.156711 0.235869 -0.0798011 0.62098 -0.767648 0.0496302 -1.49294 4.29831
4 0.105999 -0.122153 -0.0408158 -0.353339 -0.0527309 0.278643 0.313222 0.28361 0.0548441 0.176151 -0.528091 0.116809 -1.11271 0.22358 -1.88113 4.5723
41 0.0504696 0.279251 0.31091 0.140596 -0.165975 -0.242868 -0.186035 -0.110597 0.275056 0.119086 -0.402714 0.637321 -0.417408 0.089005 -1.42812 4.39242
32 -0.0234448 -0.191159 0.487498 0.373297 -0.129872 -0.0894262 -0.0547497 -0.10087 0.0349597 0.280297 -0.103464 0.536443 -0.979143 0.251876 -1.36637 4.56692
60 0.146784 0.174989 0.675959 0.262941 -0.509181 -0.113385 -0.42466 -0.600684 -0.39284 0.00958581 -0.102412 0.271754 -1.52235 0.454828 -0.922559 4.35807
0 -0.376443 -0.0134878 -0.0387721 -0.0810996 -0.327609 0.167714 -0.309528 0.43214 -0.665444 0.175577 0.231601 0.946213 -0.506258 -0.355801 -1.11496 3.55121
19 0.337213 0.0476316 -0.341086 -0.0636657 0.297479 -0.0397171 -0.121734 0.49049 -0.157077 0.880851 -0.185232 0.00178742 -0.579722 0.00137685 -1.14873 4.71609
39 -0.104635 0.295022 0.0755037 -0.641314 0.517256 -0.377731 0.0977374 -0.21074 0.213626 0.301129 0.06093 0.258867 -0.0339502 -0.195562 -1.8795 4.21129
34 -0.203331 0.109565 1.01134 0.0942418 0.138718 0.0744838 0.0510207 -0.37491 -0.261606 0.239381 0.0456737 -0.19142 -0.382647 0.269944 -1.36993 4.35093
33 -0.250695 -0.0365763 0.180368 -0.381907 0.426126 0.413806 0.0887122 -0.00253334 0.237159 -0.485679 -0.335633 -0.138234 -0.648141 0.118906 -1.46896 4.26437
49 -0.0758018 -0.0056887 0.302622 0.125242 0.027917 -0.315375 -0.192982 0.107354 -0.132003 -0.120492 -0.48682 0.125164 -0.567793 0.208443 -1.84229 5.16366
36 0.147309 0.254131 0.307975 -0.350897 0.58917 -0.0470436 0.117975 -0.516909 -0.0117681 0.138843 -0.590535 0.147126 -0.252703 -0.22797 -1.72631 4.33367
21 0.152187 -1.0857 0.138805 0.170884 -0.0782104 -0.109933 0.0271008 -0.27295 -0.232322 0.458543 -0.228298 -0.371234 -0.651627 0.2789 -1.47667 4.20446
61 -0.259985 -0.0258182 1.09686 0.223103 -0.243053 -0.360004 -0.0435191 0.0596899 -0.469221 0.0283862 -0.526571 -0.123892 -0.418542 0.0532381 -1.55561 4.46487
12 -0.310709 -0.385422 -0.235038 0.212622 -0.148645 0.261271 -0.162566 0.28985 -0.164769 0.490691 0.0691825 -0.428969 -0.814612 0.357014 -1.74428 3.96728
38 -0.292955 -0.107684 0.34373 0.429782 0.14407 0.0900111 0.398506 0.263784 0.00900457 0.455131 -0.247446 0.00358572 -0.199298 0.663043 -1.66737 5.23602
3 -0.107788 -0.542246 0.747322 0.287261 -0.332029 -0.0691889 -0.196294 0.15733 -0.00562408 0.0778024 0.539703 0.44058 0.286237 0.351358 -1.10839 4.31473
59 0.287065 -0.424689 -0.0420147 -0.292162 -0.399292 -0.11231 -0.365634 -0.20158 0.255782 -0.121813 -0.0503693 0.43955 0.0260276 0.119976 -1.18492 4.27828
15 0.193215 -0.628346 0.620999 -0.450611 0.221294 -0.258279 -0.214058 0.00229046 -0.0933646 -0.179661 -0.358152 0.210106 -0.332842 0.129503 -0.581479 4.55663
52 0.0381611 -0.307317 -0.185991 0.242434 0.828499 0.139879 0.158087 -0.476957 -0.0249399 -0.123028 0.090386 0.473048 -0.0696519 0.551443 -0.973707 4.11631
55 0.185908 -0.697992 0.0458601 -0.302304 -0.106875 0.244693 0.0146863 0.273828 -0.0414715 0.218036 -0.207698 0.681548 -0.759243 0.236927 -1.46612 4.43894
44 -0.0401558 0.329217 0.26322 0.274022 0.183913 0.463714 0.944752 0.113464 -0.0557672 0.155285 -0.146839 -0.0041325 -0.697886 0.349504 -1.57284 4.89234
53 -0.303803 0.0122271 0.552644 0.116677 0.00732633 -0.441031 -0.400136 0.204626 -0.160067 -0.328648 -0.588849 0.256545 -0.389006 0.208287 -1.82047 4.93785
58 -0.277043 0.0371236 -0.0250092 0.324363 0.489054 0.39603 0.248866 0.158191 0.28548 -0.0261842 -0.16571 0.107702 -0.485874 0.863346 -1.01491 4.61602
50 -0.139151 -0.470279 0.52677 -0.454477 0.24905 0.042477 0.574263 0.569395 -0.27174 0.398013 -0.104125 -0.309775 -0.381961 -0.192401 -1.29381 4.19606
31 0.201919 -0.813932 0.402781 0.3695 0.315492 -0.0805364 -0.110835 0.392571 0.175283 0.00746751 -0.261643 0.00931137 -0.560253 -0.0545041 -1.47878 4.21447
